15
0 150280 3479 586661 409333 928125 306424 434457 471983 732964 515226 306585 468954 214325 490032 
320627 0 88880 290668 532555 301202 800272 712480 133540 221472 538897 296198 771336 755240 987172 
959266 739545 0 310717 813555 254330 245040 839152 516736 125242 315288 178814 876748 584041 416979 
11000 65874 533591 0 357324 718860 487085 544496 426921 197573 361495 300356 42214 369804 977521 
766672 403818 580591 735468 0 373584 326595 530160 531531 987574 656801 918485 800566 295676 854403 
978819 221968 235263 301372 674842 0 34996 940440 982800 994379 464746 732058 512306 617741 750971 
489253 338667 262115 790640 872395 192780 0 881484 716096 342205 413568 304813 216981 119567 267483 
199640 421917 978227 37113 216540 779936 459701 0 23937 824583 911024 147569 168088 828658 982436 
948343 409141 175141 106099 604423 20661 705133 761403 0 655345 537578 115756 147287 997997 441593 
714067 334478 346223 837333 937725 920018 241359 2115 161120 0 714060 600366 777614 750863 12862 
685015 883680 392784 482137 705106 928360 915754 176440 394790 549591 0 960826 964019 658091 943965 
749926 244889 808650 193832 763130 477998 443425 548267 504726 131218 993209 0 279810 851360 524860 
137489 706852 307025 685053 601440 64322 771918 517546 890704 603427 578532 516794 0 731597 374336 
494955 289926 80328 63929 257292 84780 80107 683438 669896 728319 780986 403883 985596 0 351769 
678159 809273 779098 650337 809022 917880 594247 548102 20932 285284 151223 675568 859845 414760 0